Cruise	Station	yyyy-mm-ddThh:mm:ss	Longitude [degrees_east]	Latitude [degrees_north]	Sea pressure [decibar]	QV:ARGO	Practical salinity [psu]	QV:ARGO	Sea temperature [degree_Celsius]	QV:ARGO
6901920	42666173	2016-01-04T12:01:25Z	-18.596	52.49	180.6	1	35.398	1	11.549	1
					19.3	1	35.385	1	11.559	1
					200.4	1	35.433	1	11.301	1
					90.3	1	35.385	1	11.567	1
					34.4	1	35.385	1	11.559	1
					749.8	1	35.483	1	9.164	1
					139.8	1	35.384	1	11.567	1
					110	1	35.385	1	11.565	1
					1399.7	1	34.959	1	4.338	1
					80.2	1	35.385	1	11.565	1
					450.2	1	35.435	1	10.36	1
					1250.2	1	35.011	1	4.873	1
					400.3	1	35.45	1	10.515	1
					850.6	1	35.131	1	6.883	1
					650.3	1	35.389	1	9.246	1
					1000.1	1	35.084	1	5.929	1
					598.8	1	35.391	1	9.577	1
					549.9	1	35.342	1	9.598	1
					1700.1	1	34.929	1	3.917	1
					699.5	1	35.574	1	9.703	1
					120.4	1	35.384	1	11.563	1
					4	1	35.385	1	11.557	1
					949.7	1	35.107	1	6.259	1
					190.2	1	35.444	1	11.462	1
					9.2	1	35.385	1	11.557	1
					1050.5	1	35.043	1	5.538	1
					1599.4	1	34.936	1	4.036	1
					70.4	1	35.385	1	11.561	1
					1500	1	34.942	1	4.142	1
					40.2	1	35.385	1	11.56	1
					799.7	1	35.308	1	8.075	1
					1799.9	1	34.932	1	3.851	1
					1200.4	1	35.063	1	5.234	1
					150.2	1	35.384	1	11.568	1
					29.9	1	35.385	1	11.559	1
					1150.3	1	35.076	1	5.44	1
					100	1	35.385	1	11.563	1
					160	1	35.384	4	43.053	4
					170.4	1	35.385	1	11.565	1
					1099.8	1	35.042	1	5.331	1
					1350.4	1	34.973	1	4.491	1
					15	1	35.385	1	11.556	1
					24.9	1	35.385	1	11.559	1
					1899.7	1	34.928	1	3.742	1
					130.5	1	35.384	1	11.565	1
					899.9	1	35.137	1	6.639	1
					49.4	1	35.385	1	11.562	1
					500	1	35.367	1	9.922	1
					60.5	1	35.385	1	11.56	1
					1300.3	1	35.011	1	4.804	1
					360.3	1	35.279	1	9.91	1
6902680	44556578	2016-01-01T12:09:00Z	-3.89379	47.32968	35.9	1	35.256	1	13.636	1
					52.8	1	35.255	1	13.641	1
					102.4	1	35.345	1	12.498	1
					6.7	1	35.255	1	13.63	1
					7.8	1	35.255	1	13.628	1
					104.5	1	35.343	1	12.49	1
					97.6	1	35.343	1	12.525	1
					37.6	1	35.255	1	13.637	1
					10.7	1	35.255	1	13.63	1
					74.4	1	35.255	1	13.635	1
					95.6	1	35.336	1	12.619	1
					92.6	1	35.315	1	12.85	1
					44.6	1	35.256	1	13.639	1
					16.4	1	35.255	1	13.633	1
					28.6	1	35.255	1	13.636	1
					76.8	1	35.254	1	13.63	1
					45.7	1	35.256	1	13.639	1
					69.6	1	35.256	1	13.639	1
					26.3	1	35.255	1	13.636	1
					12.3	1	35.255	1	13.631	1
					88.6	1	35.314	1	12.893	1
					49.7	1	35.256	1	13.639	1
					65.4	1	35.256	1	13.64	1
					54.4	1	35.256	1	13.639	1
					55.6	1	35.256	1	13.64	1
					66.4	1	35.256	1	13.64	1
					24.4	1	35.255	1	13.635	1
					34.5	1	35.256	1	13.637	1
					90.5	1	35.314	1	12.876	1
					96.7	1	35.343	1	12.535	1
					50.7	1	35.256	1	13.64	1
					36.3	1	35.256	1	13.636	1
					79.5	1	35.251	1	13.62	1
					20.3	1	35.255	1	13.634	1
					22.3	1	35.255	1	13.634	1
					94.4	1	35.319	1	12.747	1
					73.7	1	35.256	1	13.635	1
					46.8	1	35.256	1	13.639	1
					40.5	1	35.256	1	13.638	1
					27.4	1	35.255	1	13.636	1
					42.3	1	35.256	1	13.638	1
					59.4	1	35.257	1	13.638	1
					89.6	1	35.315	1	12.883	1
					25.6	1	35.255	1	13.635	1
					62.7	1	35.257	1	13.639	1
					57.7	1	35.256	1	13.638	1
					23.3	1	35.256	1	13.634	1
					60.4	1	35.257	1	13.639	1
					32.3	1	35.256	1	13.637	1
					80.6	1	35.252	1	13.588	1
					67.3	1	35.256	1	13.64	1
					33.2	1	35.255	1	13.637	1
					56.6	1	35.256	1	13.638	1
					82.5	1	35.284	1	13.307	1
					39.7	1	35.256	1	13.638	1
					78.4	1	35.253	1	13.626	1
					29.7	1	35.256	1	13.636	1
					8.5	1	35.255	1	13.629	1
					21.3	1	35.256	1	13.634	1
					72.6	1	35.256	1	13.637	1
					6	1	35.255	1	13.63	1
					99.4	1	35.344	1	12.511	1
					9.6	1	35.255	1	13.629	1
					101.3	1	35.345	1	12.503	1
					71.7	1	35.256	1	13.637	1
					41.3	1	35.256	1	13.638	1
					103.6	1	35.344	1	12.495	1
					43.4	1	35.256	1	13.639	1
					84.4	1	35.293	1	13.162	1
					58.7	1	35.257	1	13.637	1
					15	1	35.255	1	13.631	1
					63.6	1	35.256	1	13.639	1
					16	1	35.255	1	13.632	1
					86.3	1	35.313	1	12.933	1
					61.6	1	35.256	1	13.64	1
					18.7	1	35.256	1	13.635	1
					31.9	1	35.256	1	13.637	1
					19.5	1	35.256	1	13.635	1
					30.7	1	35.256	1	13.637	1
					53.4	1	35.255	1	13.64	1
					68.5	1	35.256	1	13.641	1
					105.2	1	35.343	1	12.489	1
					81.3	1	35.269	1	13.469	1
					13.7	1	35.255	1	13.631	1
					38.8	1	35.256	1	13.637	1
					51.7	1	35.256	1	13.64	1
					5.1	1	35.256	1	13.63	1
					11.5	1	35.256	1	13.63	1
					75.5	1	35.255	1	13.634	1
					17.7	1	35.255	1	13.634	1
					98.6	1	35.344	1	12.522	1
					77.6	1	35.254	1	13.625	1
					47.5	1	35.256	1	13.639	1
					93.6	1	35.312	1	12.847	1
					70.6	1	35.256	1	13.638	1
					83.5	1	35.283	1	13.277	1
					91.5	1	35.314	1	12.87	1
					85.5	1	35.309	1	13.021	1
					100.5	1	35.345	1	12.505	1
					87.4	1	35.314	1	12.9	1
					64.4	1	35.257	1	13.64	1
					48.5	1	35.256	1	13.639	1
6902680	44556579	2016-01-01T12:09:00Z	-3.89379	47.32968	1.4	1	35.254	3	13.631	1
					3.4	1	35.255	3	13.63	1
					.4	1	35.275	3	13.606	3
					2.5	1	35.254	3	13.63	1
					4.2	1	35.255	3	13.63	1
6900636	42666178	2016-01-03T22:12:06Z	-.814	37.005	559.4	1	38.527	1	13.242	1
					848.8	1	38.497	1	13.142	1
					179.2	1	38.36	1	13.375	1
					1399.2	1	38.474	1	13.12	1
					74.2	1	38.048	1	14.126	1
					249.2	1	38.458	1	13.358	1
					1549	1	38.474	1	13.141	1
					949.3	1	38.487	1	13.114	1
					44.5	1	37.737	1	15.347	1
					1249.1	1	38.476	1	13.109	1
					629	1	38.518	1	13.208	1
					1799.3	1	38.475	1	13.177	1
					679.5	1	38.514	1	13.195	1
					69.2	1	38.029	1	14.242	1
					999	1	38.483	1	13.108	1
					799.1	1	38.5	1	13.148	1
					379.2	1	38.53	1	13.332	1
					669.1	1	38.515	1	13.193	1
					129	1	38.234	1	13.4	1
					14.6	1	37.394	1	17.222	1
					439.4	1	38.534	1	13.313	1
					589.2	1	38.523	1	13.225	1
					239.1	1	38.452	1	13.357	1
					49.4	1	37.856	1	14.816	1
					24.5	1	37.395	1	17.223	1
					659.5	1	38.515	1	13.197	1
					54.6	1	37.904	1	14.53	1
					39.8	1	37.696	1	16.107	1
					198.9	1	38.401	1	13.374	1
					1999.2	1	38.477	1	13.207	1
					429.4	1	38.534	1	13.315	1
					79.2	1	38.08	1	14.039	1
					599.3	1	38.522	1	13.222	1
					509.2	1	38.531	1	13.269	1
					329.1	1	38.508	1	13.323	1
					109.5	1	38.217	1	13.523	1
					1948.8	1	38.475	1	13.199	1
					94.2	1	38.157	1	13.723	1
					1449.5	1	38.474	1	13.127	1
					699.2	1	38.512	1	13.186	1
					369	1	38.527	1	13.336	1
					529	1	38.528	1	13.252	1
					1698.8	1	38.475	1	13.162	1
					309	1	38.504	1	13.334	1
					459.2	1	38.534	1	13.298	1
					519.3	1	38.529	1	13.256	1
					2000.5	1	38.476	1	13.208	1
					59.1	1	37.942	1	14.38	1
					1849	1	38.475	1	13.184	1
					479.1	1	38.535	1	13.29	1
					89.4	1	38.136	1	13.783	1
					1099.1	1	38.479	1	13.102	1
					648.8	1	38.516	1	13.2	1
					259.3	1	38.471	1	13.352	1
					499.2	1	38.535	1	13.285	1
					339	1	38.514	1	13.318	1
					349.3	1	38.52	1	13.325	1
					1299.4	1	38.475	1	13.111	1
					279.3	1	38.489	1	13.359	1
					139.2	1	38.268	1	13.415	1
					549.4	1	38.529	1	13.252	1
					319.2	1	38.507	1	13.328	1
					608.8	1	38.521	1	13.217	1
					99.6	1	38.18	1	13.647	1
					189	1	38.384	1	13.381	1
					34.5	1	37.39	1	17.191	1
					9.3	1	37.394	1	17.222	1
					1749.1	1	38.475	1	13.17	1
					569	1	38.526	1	13.239	1
					469	1	38.533	1	13.29	1
					229.3	1	38.437	1	13.358	1
					419.3	1	38.534	1	13.317	1
					638.8	1	38.517	1	13.2	1
					389.4	1	38.532	1	13.328	1
					1349.1	1	38.474	1	13.112	1
					169	1	38.33	1	13.374	1
					689.2	1	38.513	1	13.193	1
					269.2	1	38.481	1	13.357	1
					84.1	1	38.119	1	13.877	1
					149.4	1	38.309	1	13.428	1
					449.1	1	38.535	1	13.305	1
					19.5	1	37.395	1	17.222	1
					1648.7	1	38.475	1	13.155	1
					748.9	1	38.505	1	13.162	1
					288.9	1	38.494	1	13.341	1
					1048.9	1	38.481	1	13.104	1
					399.3	1	38.534	1	13.326	1
					159.1	1	38.32	1	13.393	1
					1499.2	1	38.475	1	13.133	1
					4.4	1	37.394	1	17.222	1
					219.2	1	38.42	1	13.368	1
					579.3	1	38.525	1	13.235	1
					538.9	1	38.528	1	13.249	1
					1148.9	1	38.476	1	13.097	1
					489.3	1	38.534	1	13.288	1
					1599.2	1	38.475	1	13.148	1
					29.7	1	37.393	1	17.227	1
					209.3	1	38.412	1	13.368	1
					1899.1	1	38.476	1	13.192	1
					899.4	1	38.491	1	13.125	1
					299.5	1	38.498	1	13.339	1
					119.2	1	38.223	1	13.489	1
					619.2	1	38.519	1	13.211	1
					1199.2	1	38.477	1	13.107	1
					64.4	1	38.004	1	14.318	1
					409.3	1	38.534	1	13.325	1
					359	1	38.525	1	13.334	1
6901570	42664439	2016-01-02T22:40:00Z	-16.195	42.398	216	1	35.676	1	12.598	1
					1788	1	35.018	1	4.26	1
					1263	1	35.629	1	8.18	1
					763	1	35.714	1	10.624	1
					663	1	35.562	1	10.678	1
					135	1	35.77	1	13.273	1
					496	1	35.537	1	11.198	1
					1913	1	35.001	1	4.043	1
					25	1	35.751	1	14.563	1
					1838	1	35.01	1	4.169	1
					345	1	35.61	1	11.919	1
					405	1	35.578	1	11.642	1
					938	1	35.897	1	10.551	1
					8	1	35.752	1	14.563	1
					813	1	35.828	1	10.794	1
					1463	1	35.343	1	6.378	1
					286	1	35.641	1	12.251	1
					1313	1	35.523	1	7.521	1
					713	1	35.613	1	10.613	1
					125	1	35.78	1	13.379	1
					265	1	35.652	1	12.355	1
					55	1	35.748	1	14.545	1
					1063	1	35.829	1	9.706	1
					415	1	35.572	1	11.581	1
					1388	1	35.462	1	7.059	1
					295	1	35.637	1	12.208	1
					375	1	35.596	1	11.783	1
					538	1	35.536	1	11.068	1
					988	1	35.848	1	10.113	1
					195	1	35.687	1	12.677	1
					315	1	35.625	1	12.075	1
					1088	1	35.795	1	9.5	1
					115	1	35.803	1	13.542	1
					275	1	35.645	1	12.289	1
					395	1	35.59	1	11.723	1
					1488	1	35.266	1	5.932	1
					85	1	35.781	1	14.259	1
					1713	1	35.034	1	4.417	1
					838	1	35.8	1	10.578	1
					7	1	35.752	1	14.562	1
					366	1	35.602	1	11.839	1
					425	1	35.572	1	11.55	1
					913	1	35.876	1	10.575	1
					1013	1	35.837	1	9.933	1
					1138	1	35.828	1	9.478	1
					1337	1	35.506	1	7.385	1
					1238	1	35.646	1	8.385	1
					305	1	35.632	1	12.142	1
					588	1	35.554	1	10.941	1
					446	1	35.563	1	11.462	1
					246	1	35.661	1	12.436	1
					385	1	35.593	1	11.756	1
					1938	1	34.992	1	3.977	1
					106	1	35.81	1	13.605	1
					787	1	35.806	1	10.794	1
					1663	1	35.06	1	4.602	1
					36	1	35.75	1	14.558	1
					1438	1	35.389	1	6.631	1
					435	1	35.567	1	11.506	1
					514	1	35.534	1	11.135	1
					1538	1	35.164	1	5.308	1
					335	1	35.613	1	11.962	1
					456	1	35.567	1	11.457	1
					185	1	35.693	1	12.724	1
					65	1	35.749	1	14.539	1
					175	1	35.701	1	12.799	1
					255	1	35.657	1	12.405	1
					1738	1	35.026	1	4.353	1
					1588	1	35.115	1	4.982	1
					1413	1	35.435	1	6.896	1
					1638	1	35.077	1	4.726	1
					1163	1	35.815	1	9.356	1
					1988	1	34.973	1	3.821	1
					1038	1	35.83	1	9.815	1
					6	1	35.752	1	14.561	1
					738	1	35.65	1	10.599	1
					1213	1	35.709	1	8.744	1
					465	1	35.557	1	11.389	1
					563	1	35.537	1	10.977	1
					1863	1	35.009	1	4.131	1
					165	1	35.714	1	12.923	1
					225	1	35.674	1	12.562	1
					95	1	35.808	1	13.845	1
					10	1	35.752	1	14.564	1
					15	1	35.752	1	14.564	1
					1188	1	35.758	1	9.033	1
					963	1	35.886	1	10.388	1
					863	1	35.835	1	10.61	1
					1513	1	35.214	1	5.615	1
					156	1	35.72	1	12.985	1
					888	1	35.87	1	10.631	1
					235	1	35.666	1	12.485	1
					1813	1	35.012	1	4.211	1
					45	1	35.748	1	14.551	1
					1613	1	35.096	1	4.86	1
					1963	1	34.986	1	3.923	1
					638	1	35.571	1	10.866	1
					1113	1	35.822	1	9.537	1
					325	1	35.618	1	12.01	1
					9	1	35.752	1	14.564	1
					1563	1	35.139	1	5.143	1
					1363	1	35.482	1	7.219	1
					145	1	35.758	1	13.195	1
					206	1	35.681	1	12.635	1
					613	1	35.545	1	10.842	1
					76	1	35.757	1	14.487	1
					1888	1	35.006	1	4.097	1
					486	1	35.539	1	11.252	1
					1289	1	35.572	1	7.838	1
					355	1	35.606	1	11.876	1
					688	1	35.617	1	10.76	1
					475	1	35.548	1	11.317	1
					1689	1	35.043	1	4.482	1
					1763	1	35.023	1	4.315	1
					2008	1	34.965	1	3.762	1
6901567	42669154	2016-01-04T22:44:00Z	-14.914	42.469	1	1	35.809	3	14.666	1
					0	1	35.811	3	14.663	3
					3	1	35.808	3	14.67	1
					2	1	35.809	3	14.669	1
					5	1	35.807	3	14.675	1
					4	1	35.811	3	14.669	1
6900701	42662381	2016-01-01T19:56:00Z	-10.412	40.612	1	1	35.076	3	15.894	1
					0	1	35.08	3	15.888	3
					3	1	35.072	3	15.899	1
					2	1	35.074	3	15.898	1
					5	1	35.07	3	15.899	1
					4	1	35.073	3	15.899	1
6900701	42662380	2016-01-01T19:56:00Z	-10.412	40.612	1788	1	34.311	3	4.893	1
					215	1	34.869	3	12.613	1
					1263	1	35.233	3	10.376	1
					763	1	35.097	3	11.613	1
					663	1	34.956	3	11.452	1
					135	1	35.043	3	13.762	1
					1913	1	34.236	3	4.315	1
					26	1	35.069	3	15.904	1
					20	1	35.07	3	15.903	1
					1838	1	34.283	3	4.688	1
					938	1	35.209	3	11.317	1
					8	1	35.07	3	15.9	1
					813	1	35.167	3	11.621	1
					285	1	34.821	3	12.104	1
					1463	1	34.886	3	8.354	1
					1313	1	35.179	3	10.01	1
					713	1	35.035	3	11.568	1
					125	1	35.039	3	13.933	1
					265	1	34.833	3	12.211	1
					17	1	35.07	3	15.903	1
					1063	1	35.281	3	11.092	1
					16	1	35.07	3	15.903	1
					1388	1	35.06	3	9.343	1
					413	1	34.81	3	11.832	1
					1413	1	35.005	3	9.034	1
					1663	1	34.406	3	5.518	1
					539	1	34.827	3	11.432	1
					988	1	35.195	3	11.025	1
					56	1	35.071	3	15.908	1
					313	1	34.817	3	12.051	1
					196	1	34.904	3	12.892	1
					1088	1	35.305	3	11.113	1
					115	1	35.031	3	14.159	1
					275	1	34.825	3	12.14	1
					1488	1	34.819	3	7.983	1
					85	1	35.07	3	15.912	1
					1713	1	34.36	3	5.223	1
					838	1	35.2	3	11.635	1
					7	1	35.069	3	15.901	1
					363	1	34.811	3	11.946	1
					913	1	35.196	3	11.371	1
					1013	1	35.183	3	10.888	1
					587	1	34.881	3	11.382	1
					1138	1	35.323	3	11.045	1
					1337	1	35.127	3	9.71	1
					1238	1	35.253	3	10.561	1
					246	1	34.839	3	12.307	1
					388	1	34.817	3	11.901	1
					1938	1	34.232	3	4.258	1
					105	1	35.042	3	14.711	1
					295	1	34.821	3	12.085	1
					788	1	35.151	3	11.689	1
					1438	1	34.947	3	8.699	1
					438	1	34.81	3	11.784	1
					513	1	34.795	3	11.464	1
					1538	1	34.658	3	7.048	1
					337	1	34.811	3	11.995	1
					1888	1	34.247	3	4.417	1
					66	1	35.071	3	15.908	1
					175	1	34.947	3	13.157	1
					255	1	34.841	3	12.272	1
					1738	1	34.331	3	5.033	1
					1638	1	34.436	3	5.715	1
					1163	1	35.323	3	11.017	1
					1587	1	34.545	3	6.367	1
					1988	1	34.23	3	4.176	1
					1038	1	35.258	3	11.085	1
					186	1	34.927	3	13.036	1
					6	1	35.069	3	15.9	1
					738	1	35.053	3	11.559	1
					1213	1	35.307	3	10.851	1
					638	1	34.945	3	11.44	1
					563	1	34.854	3	11.38	1
					463	1	34.796	3	11.648	1
					1863	1	34.265	3	4.552	1
					1763	1	34.322	3	4.972	1
					165	1	34.975	3	13.324	1
					225	1	34.864	3	12.536	1
					95	1	35.061	3	15.762	1
					11	1	35.07	3	15.902	1
					10	1	35.069	3	15.9	1
					13	1	35.07	3	15.902	1
					12	1	35.07	3	15.901	1
					15	1	35.07	3	15.902	1
					1188	1	35.322	3	10.963	1
					963	1	35.221	3	11.239	1
					19	1	35.07	3	15.903	1
					863	1	35.195	3	11.525	1
					1513	1	34.745	3	7.558	1
					156	1	34.995	3	13.454	1
					888	1	35.196	3	11.453	1
					35	1	35.07	3	15.905	1
					235	1	34.852	3	12.442	1
					1813	1	34.299	3	4.81	1
					46	1	35.07	3	15.907	1
					1612	1	34.491	3	6.034	1
					1962	1	34.235	3	4.242	1
					1113	1	35.313	3	11.062	1
					1563	1	34.599	3	6.697	1
					145	1	35.025	3	13.64	1
					206	1	34.878	3	12.699	1
					613	1	34.918	3	11.415	1
					75	1	35.071	3	15.908	1
					488	1	34.788	3	11.542	1
					1288	1	35.206	3	10.181	1
					1362	1	35.093	3	9.523	1
					688	1	34.992	3	11.506	1
					1688	1	34.387	3	5.392	1
					2009	1	34.207	3	4.013	1
5902290	42662922	2016-01-02T19:40:00Z	-4.19	45.382	1	1	35.445	3	13.978	1
					0	1	35.447	3	13.978	3
					3	1	35.448	3	13.976	1
					2	1	35.448	3	13.975	1
					5	1	35.447	3	13.974	1
					4	1	35.446	3	13.977	1
5902290	42662921	2016-01-02T19:40:00Z	-4.19	45.382	1788	1	35.106	1	4.759	1
					213	1	35.593	1	11.811	1
					1263	1	35.597	1	8.274	1
					663	1	35.628	1	10.774	1
					764	1	35.663	1	10.532	1
					135	1	35.575	1	11.991	1
					1913	1	35.059	1	4.329	1
					25	1	35.447	1	13.987	1
					20	1	35.448	1	13.983	1
					1838	1	35.084	1	4.57	1
					288	1	35.598	1	11.677	1
					938	1	35.751	1	10.078	1
					8	1	35.448	1	13.978	1
					813	1	35.689	1	10.373	1
					1463	1	35.356	1	6.635	1
					11	1	35.447	1	13.976	1
					1313	1	35.511	1	7.701	1
					713	1	35.649	1	10.654	1
					263	1	35.599	1	11.732	1
					125	1	35.567	1	12.038	1
					55	1	35.454	1	13.919	1
					1063	1	35.734	1	9.539	1
					1388	1	35.42	1	7.079	1
					18	1	35.448	1	13.981	1
					1413	1	35.401	1	6.961	1
					1663	1	35.206	1	5.535	1
					538	1	35.598	1	11.165	1
					988	1	35.755	1	9.921	1
					195	1	35.59	1	11.828	1
					1088	1	35.73	1	9.445	1
					115	1	35.565	1	12.105	1
					1489	1	35.33	1	6.448	1
					85	1	35.521	1	12.66	1
					1713	1	35.158	1	5.169	1
					838	1	35.708	1	10.287	1
					7	1	35.448	1	13.977	1
					363	1	35.594	1	11.53	1
					1012	1	35.751	1	9.805	1
					912	1	35.746	1	10.129	1
					1138	1	35.723	1	9.242	1
					1338	1	35.481	1	7.496	1
					413	1	35.592	1	11.449	1
					1238	1	35.634	1	8.532	1
					588	1	35.607	1	11.017	1
					388	1	35.593	1	11.501	1
					1938	1	35.053	1	4.27	1
					105	1	35.558	1	12.156	1
					788	1	35.675	1	10.458	1
					1438	1	35.38	1	6.816	1
					438	1	35.591	1	11.39	1
					513	1	35.594	1	11.215	1
					1538	1	35.283	1	6.133	1
					338	1	35.595	1	11.567	1
					1888	1	35.066	1	4.4	1
					185	1	35.59	1	11.848	1
					66	1	35.475	1	13.55	1
					175	1	35.588	1	11.867	1
					1738	1	35.142	1	5.042	1
					1588	1	35.262	1	5.948	1
					1638	1	35.229	1	5.704	1
					1163	1	35.704	1	9.07	1
					1988	1	35.04	1	4.129	1
					313	1	35.598	1	11.621	1
					1038	1	35.743	1	9.668	1
					6	1	35.448	1	13.975	1
					738	1	35.658	1	10.609	1
					1213	1	35.656	1	8.701	1
					638	1	35.623	1	10.838	1
					563	1	35.603	1	11.101	1
					463	1	35.59	1	11.329	1
					1863	1	35.073	1	4.472	1
					1763	1	35.121	1	4.873	1
					166	1	35.587	1	11.882	1
					96	1	35.543	1	12.322	1
					964	1	35.757	1	10.002	1
					13	1	35.447	1	13.974	1
					12	1	35.447	1	13.974	1
					15	1	35.448	1	13.981	1
					14	1	35.447	1	13.981	1
					17	1	35.448	1	13.981	1
					16	1	35.448	1	13.981	1
					19	1	35.447	1	13.98	1
					1187	1	35.682	1	8.899	1
					863	1	35.727	1	10.221	1
					1513	1	35.303	1	6.272	1
					156	1	35.585	1	11.912	1
					888	1	35.736	1	10.181	1
					238	1	35.597	1	11.777	1
					35	1	35.448	1	13.988	1
					1813	1	35.095	1	4.668	1
					45	1	35.447	1	13.99	1
					1613	1	35.244	1	5.827	1
					1963	1	35.047	1	4.2	1
					1113	1	35.722	1	9.329	1
					9	1	35.448	1	13.976	1
					1563	1	35.273	1	6.048	1
					688	1	35.634	1	10.727	1
					145	1	35.581	1	11.953	1
					613	1	35.614	1	10.921	1
					75	1	35.5	1	13.016	1
					488	1	35.592	1	11.274	1
					1288	1	35.552	1	7.981	1
					1363	1	35.443	1	7.239	1
					2005	1	35.036	1	4.086	1
					1688	1	35.184	1	5.371	1
5903388	42669307	2016-01-04T23:33:30Z	-9.804	47.711	600.1	1	35.571	1	10.847	1
					1699.9	1	35.013	1	4.362	1
					138.4	1	35.609	1	11.974	1
					80.2	1	35.561	1	12.716	1
					30.3	1	35.561	1	12.711	1
					1800.1	1	35.024	1	4.265	1
					1400.3	1	35.394	1	7.012	1
					90.4	1	35.561	1	12.716	1
					1600.2	1	35.076	1	4.865	1
					60	1	35.561	1	12.716	1
					1500.3	1	35.23	1	5.927	1
					180.1	1	35.601	1	11.732	1
					900.4	1	35.704	1	9.992	1
					340.3	1	35.571	1	11.333	1
					39.7	1	35.561	1	12.711	1
					250	1	35.601	1	11.543	1
					329.8	1	35.577	1	11.363	1
					230	1	35.603	1	11.572	1
					450.2	1	35.549	1	11.099	1
					50.2	1	35.561	1	12.715	1
					400.2	1	35.565	1	11.252	1
					8.3	1	35.561	1	12.707	1
					650.5	1	35.587	1	10.686	1
					850	1	35.688	1	10.153	1
					109.9	1	35.562	1	12.714	1
					1199.7	1	35.64	1	8.651	1
					199.7	1	35.597	1	11.661	1
					160.5	1	35.607	1	11.806	1
					260.2	1	35.599	1	11.523	1
					1000.5	1	35.737	1	9.725	1
					219.9	1	35.596	1	11.605	1
					240.3	1	35.602	1	11.561	1
					120.3	1	35.557	1	12.72	1
					5	1	35.561	1	12.706	1
					99.9	1	35.561	1	12.716	1
					280.3	1	35.597	1	11.506	1
					359.9	1	35.571	1	11.308	1
					1300.5	1	35.534	1	7.907	1
					17.8	1	35.561	1	12.706	1
					319.9	1	35.58	1	11.39	1
					190.5	1	35.599	1	11.696	1
					700.1	1	35.628	1	10.568	1
					1549.9	1	35.133	1	5.282	1
					1749.4	1	35.017	1	4.307	1
					950.2	1	35.718	1	9.838	1
					1450.4	1	35.287	1	6.331	1
					150.6	1	35.614	1	11.875	1
					69.4	1	35.561	1	12.717	1
					499.6	1	35.536	1	10.976	1
					290.4	1	35.593	1	11.482	1
					210.2	1	35.594	1	11.627	1
					379.8	1	35.567	1	11.269	1
					300.1	1	35.581	1	11.423	1
					170.1	1	35.603	1	11.754	1
					1349.9	1	35.476	1	7.541	1
					129.8	1	35.585	1	12.334	1
					800.5	1	35.669	1	10.308	1
					1150.1	1	35.675	1	8.953	1
					1649.9	1	35.032	1	4.568	1
					1250.5	1	35.589	1	8.278	1
					270.1	1	35.597	1	11.516	1
					310.4	1	35.573	1	11.373	1
					1100	1	35.71	1	9.267	1
					350	1	35.572	1	11.327	1
					1050.3	1	35.72	1	9.455	1
					550.3	1	35.544	1	10.915	1
					750.2	1	35.642	1	10.425	1
6900444	42664682	2016-01-03T05:01:57Z	-16.114	48.23	988	1	35.481	1	8.268	1
					1238	1	35.24	1	6.169	1
					213	1	35.622	1	12.281	1
					156	1	35.524	1	12.614	1
					195	1	35.613	1	12.34	1
					763	1	35.235	1	8.586	1
					488	1	35.497	1	10.838	1
					663	1	35.467	1	10.055	1
					1213	1	35.26	1	6.333	1
					1088	1	35.374	1	7.342	1
					115	1	35.52	1	12.602	1
					1138	1	35.319	1	6.876	1
					238	1	35.62	1	12.192	1
					136	1	35.524	1	12.611	1
					66	1	35.518	1	12.592	1
					175	1	35.537	1	12.602	1
					86	1	35.518	1	12.595	1
					738	1	35.295	1	8.987	1
					338	1	35.566	1	11.581	1
					25	1	35.518	1	12.585	1
					613	1	35.455	1	10.252	1
					837	1	35.142	1	7.619	1
					1113	1	35.319	1	6.966	1
					46	1	35.518	1	12.589	1
					888	1	35.271	1	7.809	1
					1163	1	35.335	1	6.829	1
					1038	1	35.398	1	7.682	1
					1	1	35.518	1	12.579	1
					288	1	35.591	1	11.891	1
					3	1	35.518	1	12.58	1
					2	1	35.518	1	12.58	1
					5	1	35.518	1	12.581	1
					4	1	35.518	1	12.581	1
					7	1	35.519	1	12.581	1
					6	1	35.519	1	12.581	1
					9	1	35.519	1	12.581	1
					8	1	35.519	1	12.581	1
					96	1	35.518	1	12.596	1
					363	1	35.542	1	11.391	1
					913	1	35.428	1	8.395	1
					1013	1	35.458	1	8.078	1
					313	1	35.582	1	11.742	1
					145	1	35.524	1	12.613	1
					1313	1	35.151	1	5.571	1
					1338	1	35.119	1	5.357	1
					1437	1	35.077	1	4.927	1
					638	1	35.465	1	10.14	1
					464	1	35.5	1	10.899	1
					563	1	35.48	1	10.555	1
					185	1	35.603	1	12.407	1
					713	1	35.359	1	9.418	1
					588	1	35.464	1	10.397	1
					76	1	35.518	1	12.593	1
					125	1	35.522	1	12.607	1
					264	1	35.617	1	12.1	1
					388	1	35.52	1	11.213	1
					166	1	35.527	1	12.623	1
					1288	1	35.188	1	5.813	1
					105	1	35.518	1	12.598	1
					10	1	35.518	1	12.581	1
					813	1	35.161	1	7.88	1
					15	1	35.518	1	12.582	1
					1188	1	35.297	1	6.586	1
					963	1	35.451	1	8.253	1
					55	1	35.517	1	12.591	1
					1063	1	35.404	1	7.587	1
					862	1	35.201	1	7.699	1
					788	1	35.235	1	8.45	1
					36	1	35.518	1	12.587	1
					1364	1	35.092	1	5.177	1
					1388	1	35.108	1	5.184	1
					688	1	35.422	1	9.791	1
					438	1	35.51	1	11.034	1
					413	1	35.517	1	11.139	1
					938	1	35.424	1	8.248	1
					513	1	35.486	1	10.743	1
					1413	1	35.111	1	5.166	1
					1263	1	35.22	1	6.023	1
					538	1	35.478	1	10.634	1
6902680	44556593	2016-01-04T12:12:00Z	-3.90054	47.3312	80.7	1	35.385	1	12.508	1
					52.5	1	35.262	1	13.517	1
					35.4	1	35.261	1	13.514	1
					102.7	1	35.386	1	12.318	1
					12.3	1	35.261	1	13.512	1
					6.2	1	35.262	1	13.511	1
					7.4	1	35.261	1	13.512	1
					97.3	1	35.39	1	12.34	1
					50.7	1	35.261	1	13.517	1
					37.3	1	35.261	1	13.514	1
					10.6	1	35.261	1	13.511	1
					95.2	1	35.392	1	12.346	1
					44.7	1	35.261	1	13.516	1
					16.5	1	35.261	1	13.512	1
					76.6	1	35.359	1	12.792	1
					69.4	1	35.26	1	13.5	1
					45.5	1	35.261	1	13.516	1
					26.3	1	35.261	1	13.513	1
					92.5	1	35.393	1	12.352	1
					14.6	1	35.261	1	13.512	1
					88.7	1	35.395	1	12.365	1
					24.7	1	35.261	1	13.513	1
					65.4	1	35.262	1	13.511	1
					49.4	1	35.261	1	13.516	1
					22.5	1	35.261	1	13.513	1
					54.6	1	35.262	1	13.516	1
					55.6	1	35.262	1	13.517	1
					66.5	1	35.262	1	13.509	1
					34.4	1	35.261	1	13.514	1
					90.6	1	35.394	1	12.358	1
					36.5	1	35.261	1	13.514	1
					96.3	1	35.391	1	12.343	1
					79.7	1	35.382	1	12.523	1
					93.3	1	35.393	1	12.352	1
					20.6	1	35.261	1	13.512	1
					94.5	1	35.392	1	12.346	1
					73.4	1	35.273	1	13.376	1
					40.6	1	35.261	1	13.515	1
					27.4	1	35.261	1	13.513	1
					42.4	1	35.261	1	13.515	1
					59.3	1	35.261	1	13.517	1
					25.5	1	35.261	1	13.513	1
					89.5	1	35.395	1	12.36	1
					62.4	1	35.261	1	13.517	1
					74.4	1	35.322	1	13.148	1
					67.6	1	35.261	1	13.508	1
					57.7	1	35.261	1	13.517	1
					23.4	1	35.261	1	13.513	1
					60.4	1	35.261	1	13.517	1
					32.6	1	35.261	1	13.513	1
					33.5	1	35.261	1	13.514	1
					56.7	1	35.261	1	13.517	1
					82.5	1	35.387	1	12.467	1
					39.5	1	35.261	1	13.514	1
					78.2	1	35.367	1	12.635	1
					21.7	1	35.261	1	13.512	1
					8.5	1	35.261	1	13.511	1
					72.5	1	35.267	1	13.417	1
					100.4	1	35.389	1	12.326	1
					9.5	1	35.261	1	13.511	1
					99.3	1	35.39	1	12.331	1
					101.5	1	35.387	1	12.32	1
					71.4	1	35.263	1	13.469	1
					41.6	1	35.261	1	13.515	1
					103.7	1	35.386	1	12.317	1
					43.6	1	35.261	1	13.515	1
					28.6	1	35.261	1	13.513	1
					84.5	1	35.393	1	12.437	1
					58.5	1	35.261	1	13.517	1
					63.7	1	35.26	1	13.516	1
					86.4	1	35.401	1	12.402	1
					104.4	1	35.386	1	12.317	1
					31.3	1	35.261	1	13.514	1
					61.6	1	35.261	1	13.517	1
					18.6	1	35.261	1	13.512	1
					19.4	1	35.261	1	13.512	1
					53.3	1	35.261	1	13.516	1
					30.5	1	35.261	1	13.513	1
					68.4	1	35.261	1	13.507	1
					38.4	1	35.261	1	13.514	1
					105.3	1	35.386	1	12.316	1
					13.5	1	35.261	1	13.512	1
					81.7	1	35.385	1	12.49	1
					51.5	1	35.261	1	13.517	1
					5.7	1	35.262	1	13.511	1
					11.5	1	35.261	1	13.511	1
					75.5	1	35.336	1	13.024	1
					98.5	1	35.39	1	12.333	1
					17.4	1	35.261	1	13.512	1
					77.5	1	35.364	1	12.649	1
					47.3	1	35.261	1	13.516	1
					70.2	1	35.26	1	13.497	1
					46.2	1	35.261	1	13.516	1
					83.2	1	35.386	1	12.463	1
					91.3	1	35.394	1	12.357	1
					85.3	1	35.399	1	12.435	1
					29.3	1	35.261	1	13.513	1
					15.7	1	35.261	1	13.512	1
					87.7	1	35.396	1	12.374	1
					48.3	1	35.261	1	13.516	1
					64.7	1	35.261	1	13.514	1
6901245	42662493	2016-01-02T05:59:00Z	-1.72792	36.48539	1.8	1	36.698	3	16.81	1
					4.8	1	36.697	3	16.814	1
					1	1	36.691	3	16.809	1
					3	1	36.695	3	16.814	1
					4	1	36.696	3	16.814	1
					.4	1	36.696	3	16.81	3
6901245	42662492	2016-01-02T05:59:00Z	-1.72792	36.48539	213.1	1	38.291	1	13.461	1
					135.7	1	38.125	1	13.836	1
					1307.5	1	38.483	1	13.13	1
					937.8	1	38.493	1	13.123	1
					155.3	1	38.163	1	13.705	1
					1288.1	1	38.484	1	13.129	1
					388.1	1	38.517	1	13.342	1
					56.1	1	37.108	1	15.42	1
					363.2	1	38.51	1	13.352	1
					663	1	38.511	1	13.166	1
					764	1	38.503	1	13.142	1
					35.5	1	36.696	1	16.803	1
					1112.6	1	38.486	1	13.115	1
					7.1	1	36.696	1	16.814	1
					1213.1	1	38.485	1	13.124	1
					562.9	1	38.521	1	13.215	1
					7.8	1	36.697	1	16.815	1
					588.1	1	38.52	1	13.208	1
					788.1	1	38.502	1	13.14	1
					195.6	1	38.256	1	13.499	1
					175.5	1	38.206	1	13.591	1
					10.1	1	36.697	1	16.814	1
					337.8	1	38.493	1	13.348	1
					312.6	1	38.468	1	13.357	1
					1063.1	1	38.488	1	13.116	1
					8.9	1	36.697	1	16.813	1
					5.9	1	36.697	1	16.814	1
					537.7	1	38.523	1	13.226	1
					75.2	1	37.902	1	15.248	1
					95.7	1	38.025	1	14.547	1
					812.9	1	38.501	1	13.14	1
					186	1	38.234	1	13.53	1
					125.7	1	38.105	1	13.938	1
					115.4	1	38.084	1	14.075	1
					262.7	1	38.39	1	13.388	1
					105.4	1	38.054	1	14.311	1
					962.8	1	38.492	1	13.121	1
					1187.6	1	38.485	1	13.122	1
					887.5	1	38.498	1	13.134	1
					638.3	1	38.514	1	13.179	1
					45.7	1	36.84	1	16.189	1
					1162.3	1	38.485	1	13.119	1
					1263.2	1	38.484	1	13.127	1
					1238.4	1	38.484	1	13.125	1
					1137.5	1	38.486	1	13.117	1
					287.7	1	38.435	1	13.369	1
					165.2	1	38.187	1	13.649	1
					1087.9	1	38.487	1	13.115	1
					85.5	1	37.98	1	14.895	1
					237.8	1	38.344	1	13.418	1
					737.9	1	38.505	1	13.15	1
					462.8	1	38.528	1	13.275	1
					613.1	1	38.517	1	13.195	1
					438.3	1	38.527	1	13.293	1
					25.7	1	36.697	1	16.816	1
					15.7	1	36.696	1	16.814	1
					1013.2	1	38.49	1	13.116	1
					412.9	1	38.524	1	13.314	1
					837.9	1	38.5	1	13.138	1
					862.5	1	38.499	1	13.136	1
					1038.1	1	38.489	1	13.117	1
					65.1	1	37.521	1	15.433	1
					912.5	1	38.495	1	13.127	1
					987.7	1	38.491	1	13.118	1
					145.6	1	38.14	1	13.774	1
					513	1	38.525	1	13.241	1
					488	1	38.527	1	13.259	1
					687.7	1	38.509	1	13.164	1
					712.7	1	38.508	1	13.158	1
6902680	44556594	2016-01-04T12:12:00Z	-3.90054	47.3312	1.4	1	35.258	3	13.514	1
					4.7	1	35.262	3	13.511	1
					2.5	1	35.259	3	13.512	1
					.5	1	35.257	3	13.514	3
					3.8	1	35.261	3	13.511	1
					3.3	1	35.26	3	13.512	1
1901520	42666756	2016-01-04T15:09:44Z	-9.427	37.236	199.6	1	35.966	1	14.025	1
					80.2	1	36.182	1	15.602	1
					55.1	1	36.356	1	17.572	1
					180.4	1	35.994	1	14.198	1
					35.2	1	36.372	1	17.622	1
					90.4	1	36.178	1	15.466	1
					349.7	1	35.74	1	12.56	1
					399.8	1	35.716	1	12.169	1
					824.7	1	36.239	1	12.137	1
					140.2	1	36.078	1	14.665	1
					104.9	1	36.119	1	14.912	1
					600.5	1	36.164	1	12.828	1
					450.4	1	35.698	1	11.893	1
					5.3	1	36.363	1	17.595	1
					20.4	1	36.364	1	17.599	1
					249.9	1	35.882	1	13.542	1
					109.8	1	36.113	1	14.864	1
					74.9	1	36.197	1	15.896	1
					95.5	1	36.152	1	15.197	1
					549.8	1	36.056	1	12.628	1
					120.5	1	36.105	1	14.817	1
					4.1	1	36.362	1	17.595	1
					70.4	1	36.221	1	16.345	1
					45.3	1	36.373	1	17.627	1
					40.3	1	36.373	1	17.625	1
					375.1	1	35.736	1	12.379	1
					224.9	1	35.905	1	13.667	1
					674.8	1	36.287	1	13.014	1
					29.9	1	36.368	1	17.614	1
					85.6	1	36.184	1	15.5	1
					100.1	1	36.13	1	14.988	1
					300.4	1	35.805	1	13.048	1
					25.3	1	36.366	1	17.606	1
					9.7	1	36.361	1	17.591	1
					899.3	1	36.383	1	12.404	1
					325.4	1	35.772	1	12.797	1
					14.9	1	36.36	1	17.589	1
					130.1	1	36.101	1	14.798	1
					49.7	1	36.369	1	17.616	1
					499.3	1	35.74	1	11.815	1
					64.6	1	36.26	1	16.947	1
					999.5	1	36.285	1	11.732	1
					750.4	1	36.236	1	12.577	1
					274.8	1	35.844	1	13.303	1
					160.6	1	36.049	1	14.508	1
					60.2	1	36.326	1	17.461	1
6902680	44556589	2016-01-03T12:13:00Z	-3.90026	47.33021	1.4	1	35.273	3	13.534	1
					4.4	1	35.274	3	13.535	1
					3.4	1	35.274	3	13.535	1
					.4	1	35.274	3	13.533	3
					2.4	1	35.273	3	13.535	1
6902680	44556588	2016-01-03T12:13:00Z	-3.90026	47.33021	52.6	1	35.276	1	13.538	1
					102.4	1	35.381	1	12.398	1
					35.7	1	35.274	1	13.539	1
					6.6	1	35.274	1	13.536	1
					80.5	1	35.32	1	12.873	1
					12.5	1	35.275	1	13.534	1
					7.5	1	35.274	1	13.536	1
					50.6	1	35.276	1	13.539	1
					97.7	1	35.363	1	12.549	1
					37.6	1	35.275	1	13.541	1
					95.8	1	35.329	1	12.643	1
					10.4	1	35.274	1	13.535	1
					74.4	1	35.285	1	13.404	1
					16.6	1	35.274	1	13.535	1
					44.4	1	35.275	1	13.541	1
					76.6	1	35.295	1	13.311	1
					69.5	1	35.28	1	13.5	1
					45.6	1	35.275	1	13.541	1
					26.5	1	35.274	1	13.536	1
					92.6	1	35.327	1	12.699	1
					14.5	1	35.274	1	13.534	1
					88.4	1	35.33	1	12.707	1
					24.2	1	35.274	1	13.537	1
					65.5	1	35.277	1	13.524	1
					49.3	1	35.274	1	13.541	1
					22.5	1	35.274	1	13.536	1
					54.6	1	35.276	1	13.538	1
					55.3	1	35.276	1	13.538	1
					34.5	1	35.274	1	13.538	1
					90.7	1	35.33	1	12.701	1
					36.9	1	35.275	1	13.54	1
					96.6	1	35.367	1	12.579	1
					79.6	1	35.325	1	12.928	1
					104.5	1	35.375	1	12.321	1
					20.8	1	35.274	1	13.535	1
					94.7	1	35.328	1	12.673	1
					73.5	1	35.288	1	13.416	1
					40.6	1	35.274	1	13.541	1
					27.2	1	35.274	1	13.537	1
					42.5	1	35.275	1	13.541	1
					59.2	1	35.276	1	13.537	1
					89.6	1	35.33	1	12.703	1
					62.3	1	35.276	1	13.534	1
					57.7	1	35.275	1	13.539	1
					23.5	1	35.275	1	13.536	1
					60.4	1	35.277	1	13.536	1
					32.6	1	35.274	1	13.537	1
					67.5	1	35.279	1	13.514	1
					33.7	1	35.274	1	13.538	1
					56.5	1	35.276	1	13.538	1
					82.5	1	35.331	1	12.718	1
					39.7	1	35.275	1	13.54	1
					78.4	1	35.302	1	13.169	1
					29.7	1	35.275	1	13.537	1
					8.3	1	35.275	1	13.536	1
					21.6	1	35.275	1	13.535	1
					100.6	1	35.379	1	12.478	1
					66.5	1	35.276	1	13.529	1
					72.6	1	35.285	1	13.439	1
					9.4	1	35.274	1	13.536	1
					99.5	1	35.369	1	12.514	1
					101.4	1	35.363	1	12.47	1
					71.6	1	35.279	1	13.481	1
					41.7	1	35.274	1	13.541	1
					103.4	1	35.373	1	12.357	1
					28.4	1	35.274	1	13.538	1
					84.7	1	35.331	1	12.71	1
					43.3	1	35.275	1	13.541	1
					25.4	1	35.274	1	13.536	1
					58.4	1	35.275	1	13.54	1
					63.4	1	35.276	1	13.534	1
					86.4	1	35.331	1	12.708	1
					31.3	1	35.274	1	13.537	1
					61.6	1	35.275	1	13.537	1
					18.4	1	35.274	1	13.535	1
					19.6	1	35.274	1	13.535	1
					30.1	1	35.275	1	13.537	1
					53.7	1	35.276	1	13.538	1
					68.5	1	35.28	1	13.504	1
					38.7	1	35.275	1	13.54	1
					13.8	1	35.274	1	13.534	1
					51.4	1	35.275	1	13.538	1
					105.5	1	35.376	1	12.295	1
					81.4	1	35.326	1	12.79	1
					5.3	1	35.274	1	13.536	1
					5.7	1	35.274	1	13.535	1
					75.4	1	35.285	1	13.381	1
					11.3	1	35.274	1	13.534	1
					17.6	1	35.274	1	13.535	1
					98.7	1	35.36	1	12.537	1
					77.5	1	35.293	1	13.276	1
					47.6	1	35.275	1	13.541	1
					93.6	1	35.335	1	12.683	1
					70.6	1	35.278	1	13.502	1
					46.6	1	35.275	1	13.539	1
					83.6	1	35.331	1	12.714	1
					85.5	1	35.331	1	12.708	1
					91.8	1	35.329	1	12.701	1
					15.6	1	35.274	1	13.534	1
					87.5	1	35.331	1	12.707	1
					64.4	1	35.277	1	13.528	1
					48.5	1	35.275	1	13.54	1
6902680	44556584	2016-01-02T12:11:00Z	-3.90151	47.33227	1.4	1	35.256	3	13.54	1
					4.5	1	35.259	3	13.539	1
					5.1	1	35.259	3	13.538	1
					3.4	1	35.259	3	13.537	1
					.5	1	35.256	3	13.542	3
					2.4	1	35.258	3	13.537	1
6900911	42664464	2016-01-03T00:37:00Z	-18.728	37.018	1788	1	35.142	1	4.667	1
					213	1	35.879	1	13.653	1
					1263	1	35.823	1	8.931	1
					763	1	35.719	1	10.654	1
					663	1	35.549	1	10.713	1
					1613	1	35.288	1	5.663	1
					136	1	35.947	1	14.287	1
					1963	1	35.074	1	4.176	1
					24	1	35.948	1	16.397	1
					25	1	35.946	1	16.39	1
					26	1	35.946	1	16.394	1
					27	1	35.947	1	16.399	1
					20	1	35.94	1	16.378	1
					21	1	35.941	1	16.377	1
					22	1	35.942	1	16.381	1
					23	1	35.948	1	16.398	1
					1839	1	35.126	1	4.544	1
					28	1	35.949	1	16.4	1
					29	1	35.949	1	16.401	1
					288	1	35.729	1	12.759	1
					938	1	35.898	1	10.383	1
					8	1	35.941	1	16.38	1
					813	1	35.829	1	10.687	1
					1463	1	35.476	1	6.821	1
					1313	1	35.747	1	8.429	1
					713	1	35.611	1	10.573	1
					263	1	35.797	1	13.117	1
					125	1	35.902	1	14.216	1
					55	1	35.987	1	16.509	1
					1063	1	35.928	1	10.015	1
					963	1	35.903	1	10.299	1
					50	1	35.977	1	16.464	1
					1388	1	35.615	1	7.688	1
					413	1	35.628	1	11.948	1
					1413	1	35.557	1	7.338	1
					1663	1	35.225	1	5.268	1
					538	1	35.59	1	11.427	1
					988	1	35.913	1	10.259	1
					195	1	35.893	1	13.769	1
					1088	1	35.914	1	9.878	1
					115	1	35.884	1	14.269	1
					1488	1	35.437	1	6.6	1
					85	1	36.003	1	16.511	1
					1713	1	35.184	1	4.99	1
					838	1	35.869	1	10.679	1
					7	1	35.942	1	16.38	1
					363	1	35.667	1	12.249	1
					913	1	35.903	1	10.46	1
					1013	1	35.9	1	10.102	1
					1138	1	35.901	1	9.645	1
					1338	1	35.725	1	8.286	1
					1238	1	35.843	1	9.092	1
					588	1	35.554	1	11.091	1
					388	1	35.655	1	12.115	1
					1938	1	35.084	1	4.256	1
					106	1	35.933	1	14.704	1
					39	1	35.955	1	16.417	1
					38	1	35.954	1	16.416	1
					33	1	35.953	1	16.409	1
					32	1	35.95	1	16.404	1
					30	1	35.949	1	16.403	1
					37	1	35.95	1	16.406	1
					789	1	35.769	1	10.669	1
					35	1	35.951	1	16.408	1
					34	1	35.952	1	16.408	1
					438	1	35.616	1	11.813	1
					513	1	35.598	1	11.533	1
					1538	1	35.351	1	6.054	1
					339	1	35.677	1	12.362	1
					1888	1	35.11	1	4.434	1
					65	1	35.995	1	16.547	1
					175	1	35.962	1	14.104	1
					1738	1	35.173	1	4.907	1
					1588	1	35.32	1	5.846	1
					1985	1	35.067	1	4.113	1
					1638	1	35.244	1	5.395	1
					1163	1	35.89	1	9.519	1
					313	1	35.705	1	12.558	1
					1038	1	35.925	1	10.094	1
					6	1	35.942	1	16.379	1
					738	1	35.689	1	10.71	1
					1213	1	35.86	1	9.235	1
					638	1	35.535	1	10.816	1
					185	1	35.931	1	13.98	1
					564	1	35.566	1	11.219	1
					463	1	35.611	1	11.737	1
					1863	1	35.122	1	4.514	1
					1763	1	35.15	1	4.757	1
					165	1	35.95	1	14.124	1
					1913	1	35.098	1	4.352	1
					95	1	36.017	1	15.391	1
					11	1	35.943	1	16.385	1
					10	1	35.943	1	16.382	1
					13	1	35.944	1	16.384	1
					12	1	35.942	1	16.381	1
					15	1	35.942	1	16.381	1
					14	1	35.943	1	16.384	1
					1188	1	35.882	1	9.413	1
					16	1	35.94	1	16.38	1
					19	1	35.94	1	16.376	1
					18	1	35.94	1	16.374	1
					863	1	35.888	1	10.623	1
					1513	1	35.389	1	6.299	1
					156	1	35.94	1	14.134	1
					888	1	35.897	1	10.527	1
					36	1	35.951	1	16.413	1
					238	1	35.812	1	13.262	1
					1438	1	35.51	1	7.028	1
					48	1	35.965	1	16.453	1
					49	1	35.973	1	16.439	1
					46	1	35.964	1	16.44	1
					47	1	35.964	1	16.444	1
					44	1	35.958	1	16.427	1
					45	1	35.96	1	16.426	1
					42	1	35.958	1	16.428	1
					43	1	35.958	1	16.426	1
					40	1	35.958	1	16.422	1
					41	1	35.958	1	16.426	1
					1113	1	35.923	1	9.828	1
					9	1	35.942	1	16.38	1
					1563	1	35.336	1	5.952	1
					1363	1	35.66	1	7.951	1
					146	1	35.944	1	14.208	1
					613	1	35.549	1	10.992	1
					75	1	36.005	1	16.571	1
					488	1	35.607	1	11.659	1
					1287	1	35.785	1	8.69	1
					1813	1	35.136	1	4.623	1
					688	1	35.585	1	10.662	1
					1688	1	35.204	1	5.122	1
6900911	42664465	2016-01-03T00:37:00Z	-18.728	37.018	1	1	35.939	3	16.376	1
					0	1	35.939	3	16.376	3
					3	1	35.942	3	16.375	1
					2	1	35.94	3	16.375	1
					5	1	35.941	3	16.379	1
					4	1	35.943	3	16.375	1
6901570	42664440	2016-01-02T22:40:00Z	-16.195	42.398	1	1	35.751	3	14.56	1
					0	1	35.751	3	14.56	3
					3	1	35.751	3	14.561	1
					2	1	35.751	3	14.561	1
					5	1	35.752	3	14.562	1
					4	1	35.751	3	14.562	1
6901621	42661108	2016-01-01T19:33:00Z	-12.141	43.551	1	1	35.598	4	14.021	4
					0	1	35.675	4	13.937	4
					3	1	35.597	3	14.023	1
					2	1	35.598	3	14.021	1
					5	1	35.598	3	14.024	1
6902680	44556583	2016-01-02T12:11:00Z	-3.90151	47.33227	52.6	1	35.259	1	13.55	1
					102.4	1	35.334	1	12.685	1
					35.5	1	35.259	1	13.549	1
					6.6	1	35.259	1	13.538	1
					7.7	1	35.259	1	13.539	1
					12.5	1	35.259	1	13.539	1
					50.5	1	35.259	1	13.55	1
					97.3	1	35.334	1	12.689	1
					104.5	1	35.333	1	12.681	1
					37.4	1	35.259	1	13.548	1
					10.5	1	35.259	1	13.54	1
					74.5	1	35.258	1	13.551	1
					95.5	1	35.334	1	12.691	1
					16.7	1	35.258	1	13.541	1
					76.5	1	35.256	1	13.546	1
					17.6	1	35.258	1	13.544	1
					44.8	1	35.259	1	13.549	1
					45.8	1	35.259	1	13.549	1
					69.4	1	35.258	1	13.553	1
					92.3	1	35.334	1	12.698	1
					26.7	1	35.259	1	13.547	1
					14.4	1	35.258	1	13.54	1
					24.6	1	35.259	1	13.548	1
					88.5	1	35.333	1	12.71	1
					22.3	1	35.258	1	13.547	1
					49.5	1	35.259	1	13.55	1
					54.5	1	35.259	1	13.551	1
					66.6	1	35.259	1	13.552	1
					55.3	1	35.259	1	13.551	1
					34.5	1	35.259	1	13.548	1
					90.4	1	35.334	1	12.703	1
					79.8	1	35.283	1	13.363	1
					36.6	1	35.259	1	13.548	1
					84	1	35.31	1	12.962	1
					20.6	1	35.259	1	13.546	1
					94.7	1	35.334	1	12.694	1
					65.7	1	35.26	1	13.551	1
					73.4	1	35.255	1	13.553	1
					40.4	1	35.259	1	13.549	1
					27.4	1	35.259	1	13.547	1
					42.5	1	35.259	1	13.549	1
					59.4	1	35.259	1	13.551	1
					89.5	1	35.333	1	12.706	1
					62.9	1	35.258	1	13.552	1
					57.7	1	35.259	1	13.552	1
					23.4	1	35.259	1	13.547	1
					60.5	1	35.259	1	13.551	1
					32.6	1	35.259	1	13.548	1
					80.6	1	35.311	1	13.133	1
					33.7	1	35.259	1	13.549	1
					67.3	1	35.258	1	13.553	1
					56.6	1	35.259	1	13.551	1
					82.4	1	35.306	1	13.008	1
					78.6	1	35.284	1	13.387	1
					39.3	1	35.259	1	13.549	1
					8.4	1	35.259	1	13.539	1
					21.3	1	35.259	1	13.546	1
					72.5	1	35.256	1	13.553	1
					99.4	1	35.334	1	12.687	1
					9.3	1	35.259	1	13.54	1
					101.7	1	35.334	1	12.685	1
					71.5	1	35.257	1	13.553	1
					41.4	1	35.259	1	13.549	1
					103.4	1	35.334	1	12.682	1
					25.5	1	35.259	1	13.547	1
					43.6	1	35.259	1	13.55	1
					28.6	1	35.259	1	13.547	1
					58.5	1	35.259	1	13.552	1
					68.4	1	35.258	1	13.553	1
					63.6	1	35.259	1	13.552	1
					86.6	1	35.332	1	12.724	1
					31.4	1	35.259	1	13.548	1
					61.6	1	35.258	1	13.552	1
					18.3	1	35.259	1	13.545	1
					19.6	1	35.259	1	13.546	1
					30.3	1	35.259	1	13.547	1
					53.5	1	35.259	1	13.55	1
					38.3	1	35.259	1	13.548	1
					13.5	1	35.259	1	13.539	1
					51.4	1	35.259	1	13.55	1
					81.5	1	35.307	1	13.061	1
					96.4	1	35.334	1	12.691	1
					11.4	1	35.259	1	13.542	1
					75.4	1	35.26	1	13.541	1
					77.8	1	35.28	1	13.406	1
					98.6	1	35.334	1	12.688	1
					47.3	1	35.259	1	13.549	1
					70.7	1	35.257	1	13.553	1
					93.4	1	35.334	1	12.694	1
					46.7	1	35.259	1	13.549	1
					83.1	1	35.306	1	12.994	1
					91.5	1	35.334	1	12.698	1
					29.8	1	35.259	1	13.548	1
					85.4	1	35.332	1	12.727	1
					100.4	1	35.334	1	12.686	1
					15.6	1	35.259	1	13.539	1
					87.4	1	35.333	1	12.713	1
					5.8	1	35.259	1	13.539	1
					48.4	1	35.259	1	13.55	1
					64.7	1	35.26	1	13.551	1
6901567	42669153	2016-01-04T22:44:00Z	-14.914	42.469	1788	1	35.174	1	4.843	1
					215	1	35.734	1	12.558	1
					763	1	35.729	1	10.792	1
					663	1	35.618	1	10.873	1
					136	1	35.811	1	13.846	1
					165	1	35.781	1	13.019	1
					495	1	35.637	1	11.548	1
					25	1	35.807	1	14.681	1
					1838	1	35.142	1	4.607	1
					345	1	35.68	1	11.939	1
					938	1	35.946	1	10.789	1
					1262	1	35.959	1	9.682	1
					8	1	35.807	1	14.679	1
					813	1	35.832	1	10.935	1
					285	1	35.702	1	12.168	1
					1463	1	35.624	1	7.666	1
					1312	1	35.876	1	9.174	1
					712	1	35.651	1	10.764	1
					125	1	35.813	1	14.134	1
					1958	1	35.085	1	4.175	1
					962	1	35.953	1	10.721	1
					55	1	35.806	1	14.686	1
					1063	1	36.043	1	10.726	1
					416	1	35.661	1	11.759	1
					1388	1	35.766	1	8.508	1
					1012	1	36.007	1	10.719	1
					295	1	35.698	1	12.127	1
					1663	1	35.307	1	5.718	1
					538	1	35.624	1	11.399	1
					195	1	35.757	1	12.737	1
					987	1	35.965	1	10.666	1
					315	1	35.687	1	12.027	1
					1088	1	36.047	1	10.675	1
					115	1	35.809	1	14.442	1
					275	1	35.707	1	12.227	1
					395	1	35.667	1	11.81	1
					1488	1	35.592	1	7.453	1
					85	1	35.806	1	14.695	1
					1713	1	35.256	1	5.388	1
					838	1	35.833	1	10.833	1
					7	1	35.807	1	14.681	1
					366	1	35.676	1	11.884	1
					425	1	35.659	1	11.747	1
					913	1	35.94	1	10.878	1
					1138	1	36.053	1	10.519	1
					1338	1	35.876	1	9.11	1
					1238	1	35.995	1	9.875	1
					306	1	35.692	1	12.079	1
					246	1	35.726	1	12.411	1
					385	1	35.671	1	11.842	1
					1938	1	35.094	1	4.248	1
					105	1	35.806	1	14.652	1
					787	1	35.776	1	10.845	1
					36	1	35.807	1	14.679	1
					1438	1	35.67	1	7.959	1
					445	1	35.652	1	11.685	1
					512	1	35.633	1	11.495	1
					1538	1	35.492	1	6.859	1
					588	1	35.604	1	11.144	1
					335	1	35.682	1	11.969	1
					1888	1	35.117	1	4.422	1
					455	1	35.65	1	11.664	1
					185	1	35.768	1	12.835	1
					66	1	35.806	1	14.692	1
					175	1	35.78	1	12.942	1
					256	1	35.718	1	12.349	1
					1738	1	35.228	1	5.203	1
					1588	1	35.394	1	6.269	1
					1413	1	35.717	1	8.236	1
					406	1	35.664	1	11.782	1
					1638	1	35.332	1	5.876	1
					1163	1	36.033	1	10.345	1
					6	1	35.807	1	14.68	1
					738	1	35.66	1	10.674	1
					1037	1	36.024	1	10.706	1
					1214	1	36.016	1	10.068	1
					638	1	35.614	1	10.966	1
					466	1	35.647	1	11.638	1
					564	1	35.612	1	11.267	1
					1863	1	35.128	1	4.505	1
					226	1	35.735	1	12.516	1
					1913	1	35.104	1	4.321	1
					95	1	35.806	1	14.695	1
					10	1	35.807	1	14.679	1
					1188	1	36.02	1	10.195	1
					16	1	35.806	1	14.679	1
					863	1	35.875	1	10.889	1
					1514	1	35.549	1	7.197	1
					156	1	35.782	1	13.085	1
					888	1	35.917	1	10.917	1
					235	1	35.732	1	12.475	1
					1814	1	35.154	1	4.7	1
					46	1	35.806	1	14.685	1
					1613	1	35.358	1	6.04	1
					1113	1	36.059	1	10.646	1
					325	1	35.685	1	11.994	1
					9	1	35.807	1	14.679	1
					1563	1	35.442	1	6.561	1
					146	1	35.788	1	13.363	1
					205	1	35.746	1	12.647	1
					613	1	35.609	1	11.059	1
					75	1	35.806	1	14.693	1
					1763	1	35.197	1	4.999	1
					485	1	35.64	1	11.579	1
					435	1	35.656	1	11.716	1
					1288	1	35.92	1	9.436	1
					355	1	35.678	1	11.913	1
					689	1	35.646	1	10.857	1
					1363	1	35.831	1	8.864	1
					475	1	35.643	1	11.61	1
					1688	1	35.284	1	5.568	1
					376	1	35.674	1	11.867	1
					266	1	35.709	1	12.267	1
6901621	42661107	2016-01-01T19:33:00Z	-12.141	43.551	1788	1	35.005	1	4.303	1
					213	1	35.582	1	11.888	1
					1263	1	35.595	1	8.208	1
					763	1	35.625	1	10.401	1
					663	1	35.617	1	10.772	1
					1613	1	35.128	1	5.189	1
					135	1	35.615	1	12.355	1
					1913	1	34.969	1	3.972	1
					25	1	35.598	1	14.028	1
					20	1	35.598	1	14.027	1
					1838	1	34.995	1	4.198	1
					288	1	35.573	1	11.691	1
					813	1	35.731	1	10.54	1
					937	1	35.862	1	10.362	1
					1463	1	35.232	1	5.929	1
					1313	1	35.52	1	7.744	1
					713	1	35.618	1	10.527	1
					125	1	35.612	1	12.401	1
					264	1	35.573	1	11.731	1
					1188	1	35.673	1	8.721	1
					55	1	35.598	1	14.03	1
					1063	1	35.809	1	9.742	1
					1389	1	35.344	1	6.68	1
					413	1	35.541	1	11.343	1
					1413	1	35.3	1	6.403	1
					1663	1	35.057	1	4.721	1
					538	1	35.541	1	10.982	1
					988	1	35.841	1	10.151	1
					195	1	35.588	1	11.955	1
					312	1	35.566	1	11.621	1
					1088	1	35.786	1	9.556	1
					116	1	35.618	1	12.744	1
					1488	1	35.228	1	5.879	1
					86	1	35.598	1	14.036	1
					1713	1	35.024	1	4.494	1
					838	1	35.772	1	10.574	1
					7	1	35.598	1	14.024	1
					363	1	35.553	1	11.472	1
					912	1	35.852	1	10.455	1
					1139	1	35.727	1	9.103	1
					1338	1	35.472	1	7.463	1
					1238	1	35.622	1	8.387	1
					589	1	35.542	1	10.766	1
					388	1	35.547	1	11.41	1
					1938	1	34.961	1	3.9	1
					105	1	35.599	1	13.819	1
					788	1	35.66	1	10.411	1
					1438	1	35.27	1	6.172	1
					438	1	35.535	1	11.277	1
					513	1	35.534	1	11.048	1
					1538	1	35.174	1	5.53	1
					337	1	35.559	1	11.547	1
					1888	1	34.974	1	4.028	1
					185	1	35.592	1	11.994	1
					66	1	35.599	1	14.032	1
					175	1	35.6	1	12.071	1
					1738	1	35.014	1	4.404	1
					1588	1	35.137	1	5.262	1
					1638	1	35.088	1	4.928	1
					1163	1	35.695	1	8.881	1
					1988	1	34.95	1	3.792	1
					1038	1	35.822	1	9.88	1
					6	1	35.598	1	14.023	1
					738	1	35.615	1	10.444	1
					1213	1	35.666	1	8.648	1
					638	1	35.578	1	10.742	1
					563	1	35.56	1	10.932	1
					463	1	35.534	1	11.218	1
					1863	1	34.988	1	4.133	1
					1763	1	35.011	1	4.36	1
					166	1	35.604	1	12.142	1
					96	1	35.597	1	14.022	1
					10	1	35.598	1	14.023	1
					13	1	35.598	1	14.018	1
					12	1	35.598	1	14.021	1
					15	1	35.598	1	14.021	1
					14	1	35.598	1	14.02	1
					962	1	35.858	1	10.299	1
					16	1	35.599	1	14.024	1
					19	1	35.598	1	14.026	1
					18	1	35.598	1	14.026	1
					863	1	35.799	1	10.499	1
					17	1	35.598	1	14.024	1
					1513	1	35.208	1	5.745	1
					156	1	35.608	1	12.225	1
					888	1	35.834	1	10.488	1
					238	1	35.577	1	11.802	1
					35	1	35.598	1	14.026	1
					1813	1	35	1	4.256	1
					46	1	35.598	1	14.027	1
					1013	1	35.815	1	9.923	1
					1963	1	34.958	1	3.864	1
					1113	1	35.752	1	9.304	1
					9	1	35.598	1	14.022	1
					1564	1	35.168	1	5.465	1
					688	1	35.623	1	10.67	1
					146	1	35.613	1	12.298	1
					612	1	35.553	1	10.731	1
					76	1	35.598	1	14.033	1
					488	1	35.529	1	11.119	1
					1288	1	35.57	1	8.048	1
					1363	1	35.413	1	7.094	1
					1688	1	35.033	1	4.571	1
					2009	1	34.953	1	3.782	1
6901914	42662738	2016-01-02T05:01:43Z	-11.337	35.164	1788	1	35.259	1	5.26	1
					213	1	35.857	1	13.543	1
					1263	1	35.951	1	9.482	1
					763	1	35.692	1	10.606	1
					662	1	35.638	1	10.909	1
					136	1	36.055	1	14.771	1
					25	1	36.421	1	18.485	1
					1838	1	35.239	1	5.127	1
					288	1	35.781	1	13.002	1
					938	1	35.952	1	10.774	1
					4	1	36.421	1	18.484	1
					8	1	36.422	1	18.482	1
					813	1	35.705	1	10.438	1
					1463	1	35.665	1	7.714	1
					1313	1	35.88	1	9.032	1
					714	1	35.678	1	10.783	1
					263	1	35.803	1	13.182	1
					126	1	36.07	1	14.914	1
					55	1	36.416	1	18.474	1
					1063	1	35.984	1	10.325	1
					1388	1	35.783	1	8.45	1
					413	1	35.678	1	12.186	1
					1413	1	35.723	1	8.128	1
					1663	1	35.384	1	6.046	1
					538	1	35.609	1	11.449	1
					988	1	35.968	1	10.523	1
					196	1	35.914	1	13.861	1
					314	1	35.754	1	12.795	1
					116	1	36.089	1	15.162	1
					1488	1	35.641	1	7.577	1
					85	1	36.151	1	15.994	1
					1713	1	35.339	1	5.769	1
					838	1	35.776	1	10.55	1
					3	1	36.421	1	18.483	1
					7	1	36.422	1	18.483	1
					363	1	35.709	1	12.469	1
					913	1	35.933	1	10.82	1
					1013	1	35.965	1	10.4	1
					1138	1	35.983	1	10.036	1
					1338	1	35.854	1	8.861	1
					1238	1	35.986	1	9.703	1
					588	1	35.612	1	11.241	1
					388	1	35.693	1	12.329	1
					1938	1	35.203	1	4.849	1
					106	1	36.09	1	15.234	1
					788	1	35.71	1	10.591	1
					1438	1	35.682	1	7.852	1
					438	1	35.666	1	12.059	1
					513	1	35.614	1	11.568	1
					1538	1	35.577	1	7.206	1
					338	1	35.722	1	12.581	1
					1888	1	35.223	1	4.994	1
					185	1	35.972	1	14.121	1
					65	1	36.373	1	18.198	1
					175	1	36.014	1	14.325	1
					1738	1	35.303	1	5.539	1
					1588	1	35.498	1	6.737	1
					1638	1	35.436	1	6.365	1
					1163	1	36.023	1	10.101	1
					1988	1	35.168	1	4.602	1
					2	1	36.423	1	18.479	1
					6	1	36.421	1	18.483	1
					738	1	35.673	1	10.638	1
					1213	1	36.008	1	9.856	1
					639	1	35.627	1	11.025	1
					563	1	35.618	1	11.371	1
					463	1	35.653	1	11.931	1
					1863	1	35.226	1	5.038	1
					1763	1	35.273	1	5.348	1
					165	1	36.028	1	14.404	1
					1913	1	35.218	1	4.952	1
					1088	1	35.96	1	10.128	1
					95	1	36.101	1	15.537	1
					10	1	36.422	1	18.483	1
					15	1	36.421	1	18.483	1
					1188	1	36.009	1	9.936	1
					963	1	35.961	1	10.653	1
					1039	1	35.964	1	10.31	1
					863	1	35.829	1	10.643	1
					2007	1	35.167	1	4.593	1
					1513	1	35.609	1	7.386	1
					156	1	36.032	1	14.476	1
					888	1	35.909	1	10.83	1
					238	1	35.828	1	13.35	1
					35	1	36.42	1	18.484	1
					1813	1	35.253	1	5.221	1
					45	1	36.421	1	18.487	1
					1613	1	35.468	1	6.557	1
					1963	1	35.183	1	4.712	1
					1	1	36.422	1	18.479	1
					1113	1	35.964	1	10.061	1
					5	1	36.421	1	18.484	1
					9	1	36.421	1	18.483	1
					1564	1	35.532	1	6.943	1
					688	1	35.672	1	10.907	1
					146	1	36.042	1	14.607	1
					613	1	35.614	1	11.134	1
					75	1	36.221	1	16.848	1
					488	1	35.631	1	11.749	1
					1288	1	35.923	1	9.301	1
					1363	1	35.826	1	8.694	1
					1688	1	35.365	1	5.927	1
6900379	42668565	2016-01-03T19:59:55Z	-9.651	41.285	119.9	1	35.941	1	14.162	1
					600.2	1	35.64	1	11.357	1
					55.2	1	35.847	1	15.612	1
					34.6	1	35.847	1	15.609	1
					349.5	1	35.64	1	11.976	1
					179.9	1	35.816	1	13.181	1
					900.4	1	36.045	1	11.35	1
					104.5	1	35.942	1	14.549	1
					79.6	1	35.86	1	15.574	1
					4.5	1	35.847	1	15.6	1
					825.3	1	36.018	1	11.61	1
					450.3	1	35.633	1	11.731	1
					94.9	1	35.927	1	14.965	1
					20.5	1	35.847	1	15.606	1
					5.6	1	35.847	1	15.601	1
					249.4	1	35.719	1	12.545	1
					75.5	1	35.856	1	15.589	1
					160.3	1	35.863	1	13.469	1
					47.8	1	35.847	1	15.611	1
					325.3	1	35.663	1	12.13	1
					400	1	35.637	1	11.842	1
					98.9	1	35.939	1	14.627	1
					674.7	1	35.773	1	11.432	1
					200	1	35.79	1	13.015	1
					70.5	1	35.849	1	15.606	1
					140	1	35.898	1	13.705	1
					375.4	1	35.631	1	11.868	1
					40.3	1	35.847	1	15.61	1
					43.9	1	35.847	1	15.611	1
					29.8	1	35.846	1	15.609	1
					549.3	1	35.621	1	11.472	1
					225	1	35.758	1	12.801	1
					300.3	1	35.689	1	12.303	1
					85.1	1	35.875	1	15.516	1
					10.4	1	35.847	1	15.604	1
					25.3	1	35.847	1	15.607	1
					109.9	1	35.945	1	14.359	1
					89.8	1	35.901	1	15.346	1
					130.3	1	35.919	1	13.898	1
					14.8	1	35.847	1	15.605	1
					65.5	1	35.849	1	15.608	1
					274.6	1	35.708	1	12.443	1
					999.5	1	35.999	1	10.84	1
					500.3	1	35.637	1	11.669	1
					750.1	1	35.955	1	11.666	1
					60.3	1	35.848	1	15.611	1
6900322	42668564	2016-01-04T07:43:42Z	-11.894	39.914	80.7	1	35.857	1	15.315	1
					179.5	1	35.735	1	12.886	1
					55.1	1	35.818	1	15.839	1
					35.4	1	35.806	1	15.809	1
					119.8	1	35.756	1	13.264	1
					599.8	1	35.834	1	11.669	1
					275	1	35.661	1	12.228	1
					300.1	1	35.647	1	12.089	1
					105.3	1	35.806	1	13.646	1
					159.4	1	35.727	1	12.946	1
					50.3	1	35.821	1	15.843	1
					1000.5	1	36.155	1	11.304	1
					325.2	1	35.648	1	12.019	1
					10.2	1	35.806	1	15.803	1
					20.4	1	35.806	1	15.806	1
					74.6	1	35.837	1	15.884	1
					400.5	1	35.667	1	11.882	1
					95.1	1	35.846	1	13.963	1
					249.6	1	35.677	1	12.387	1
					40	1	35.807	1	15.81	1
					350.3	1	35.665	1	12.024	1
					5	1	35.806	1	15.803	1
					550.1	1	35.739	1	11.62	1
					200	1	35.738	1	12.767	1
					1197.4	1	36.158	1	10.776	1
					140	1	35.722	1	13.047	1
					45.1	1	35.821	1	15.843	1
					375.3	1	35.667	1	11.96	1
					129.7	1	35.744	1	13.202	1
					29.9	1	35.808	1	15.812	1
					70	1	35.837	1	15.881	1
					90	1	35.855	1	14.125	1
					225	1	35.715	1	12.631	1
					85.2	1	35.84	1	14.345	1
					100.4	1	35.835	1	13.88	1
					25.1	1	35.806	1	15.807	1
					900.2	1	36.124	1	11.514	1
					15	1	35.805	1	15.804	1
					675.3	1	35.939	1	11.688	1
					65.4	1	35.83	1	15.866	1
					110.3	1	35.778	1	13.447	1
					447.9	1	35.616	1	11.531	1
					1100	1	36.203	1	11.179	1
					825	1	36.105	1	11.739	1
					750.5	1	36.04	1	11.745	1
					60.1	1	35.825	1	15.854	1
					500.1	1	35.666	1	11.561	1
5903388	42669308	2016-01-04T23:33:30Z	-9.804	47.711	1.2	1			12.704	1
					-.1	3			12.692	1
					2	1			12.705	1
					6.1	1			12.705	1
					.1	1			12.697	1
					.2	4			12.691	3
					18.5	1			12.706	1
					9.2	1			12.707	1
					.7	1			12.702	1
6902571	42650182	2016-01-01T05:08:32Z	-7.796	44.744	349.9	1	35.615	1	11.603	1
					179.5	1	35.66	1	12.212	1
					198.5	1	35.639	1	12.013	1
					90.1	1	35.642	1	14.245	1
					1450	1	35.276	1	6.199	1
					34.5	1	35.643	1	14.237	1
					1400.4	1	35.381	1	6.812	1
					339.7	1	35.612	1	11.606	1
					749.8	1	35.655	1	10.843	1
					220.3	1	35.633	1	11.917	1
					279.7	1	35.625	1	11.755	1
					140.5	1	35.752	1	12.905	1
					900.4	1	35.713	1	10.259	1
					50.5	1	35.643	1	14.242	1
					250.3	1	35.631	1	11.841	1
					1700.4	1	35.129	1	5.068	1
					599.5	1	35.591	1	11.113	1
					525.3	1	35.595	1	11.295	1
					79.5	1	35.643	1	14.245	1
					1500.1	1	35.168	1	5.535	1
					549.6	1	35.595	1	11.247	1
					10.3	1	35.643	1	14.224	1
					650.5	1	35.598	1	10.992	1
					400.1	1	35.606	1	11.488	1
					850.3	1	35.673	1	10.329	1
					450	1	35.598	1	11.407	1
					575.2	1	35.587	1	11.174	1
					260.2	1	35.63	1	11.813	1
					189.9	1	35.638	1	12.013	1
					425.4	1	35.604	1	11.459	1
					320	1	35.615	1	11.643	1
					240.2	1	35.633	1	11.861	1
					949.7	1	35.747	1	10.183	1
					1650.3	1	35.154	1	5.274	1
					330.1	1	35.614	1	11.627	1
					1300.5	1	35.692	1	8.629	1
					1250.1	1	35.714	1	8.857	1
					309.7	1	35.618	1	11.661	1
					1750	1	35.112	1	4.914	1
					1599.4	1	35.148	1	5.298	1
					1899.3	1	35.046	1	4.363	1
					270.3	1	35.627	1	11.768	1
					45.2	1	35.643	1	14.239	1
					40.1	1	35.642	1	14.239	1
					1850.4	1	35.044	1	4.433	1
					20.2	1	35.642	1	14.237	1
					150.3	1	35.741	1	12.779	1
					229.9	1	35.633	1	11.891	1
					120	1	35.693	1	13.525	1
					209.9	1	35.637	1	11.973	1
					1199.7	1	35.739	1	9.113	1
					29.9	1	35.643	1	14.237	1
					625.3	1	35.595	1	11.039	1
					70	1	35.643	1	14.245	1
					2000.8	1	34.996	1	3.958	1
					100.3	1	35.643	1	14.243	1
					375.1	1	35.609	1	11.534	1
					300.3	1	35.619	1	11.688	1
					160	1	35.707	1	12.516	1
					170.4	1	35.678	1	12.338	1
					289.3	1	35.622	1	11.725	1
					475.2	1	35.6	1	11.394	1
					14.7	1	35.643	1	14.236	1
					800.4	1	35.649	1	10.497	1
					25.4	1	35.643	1	14.236	1
					675.3	1	35.606	1	10.919	1
					700.4	1	35.615	1	10.867	1
					1150.5	1	35.749	1	9.368	1
					1550.4	1	35.133	1	5.293	1
					130.1	1	35.725	1	13.309	1
					1099.6	1	35.801	1	9.738	1
					110.1	1	35.646	1	14.172	1
					1050.2	1	35.822	1	9.998	1
					6.4	1	35.643	1	14.224	1
					999.8	1	35.79	1	10.078	1
					1950.1	1	34.989	1	3.988	1
					499.6	1	35.595	1	11.335	1
					1800.2	1	35.093	1	4.778	1
					1350.2	1	35.477	1	7.434	1
					60.3	1	35.642	1	14.244	1
6901919	42666464	2016-01-04T10:01:35Z	-13.507	48.389	180.2	1	35.519	1	12.268	1
					199.5	1	35.584	1	11.792	1
					600.2	1	35.525	1	10.443	1
					35.4	1	35.516	1	12.28	1
					140.4	1	35.517	1	12.292	1
					900.1	1	35.48	1	8.833	1
					549.9	1	35.522	1	10.637	1
					39.9	1	35.516	1	12.281	1
					220.3	1	35.583	1	11.688	1
					450.1	1	35.549	1	11.024	1
					1250.4	1	35.133	1	5.718	1
					79.7	1	35.516	1	12.285	1
					1000.5	1	35.381	1	7.825	1
					10.3	1	35.517	1	12.265	1
					650.3	1	35.526	1	10.262	1
					109.9	1	35.515	1	12.293	1
					1800.4	1	34.927	1	3.82	1
					260.3	1	35.583	1	11.526	1
					749.8	1	35.559	1	10.01	1
					189.9	1	35.558	1	12.024	1
					160.3	1	35.516	1	12.299	1
					120.2	1	35.517	1	12.29	1
					240.5	1	35.583	1	11.595	1
					330.1	1	35.569	1	11.324	1
					169.8	1	35.519	1	12.274	1
					1400.1	1	34.996	1	4.683	1
					1500	1	34.964	1	4.392	1
					699.8	1	35.531	1	10.103	1
					69.9	1	35.516	1	12.286	1
					950.4	1	35.416	1	8.22	1
					1599.7	1	34.945	1	4.166	1
					150.1	1	35.516	1	12.298	1
					20.2	1	35.516	1	12.277	1
					1149.7	1	35.281	1	6.836	1
					1349.6	1	35.022	1	4.911	1
					279.8	1	35.577	1	11.457	1
					29.8	1	35.516	1	12.279	1
					100.2	1	35.516	1	12.288	1
					300.1	1	35.572	1	11.381	1
					129.9	1	35.517	1	12.291	1
					850.1	1	35.496	1	9.255	1
					25.6	1	35.516	1	12.279	1
					1899.8	1	34.929	1	3.708	1
					89.9	1	35.517	1	12.286	1
					15.7	1	35.517	1	12.271	1
					399.8	1	35.557	1	11.164	1
					1099.7	1	35.345	1	7.32	1
					1050.3	1	35.405	1	7.742	1
					1700.2	1	34.936	1	4.011	1
					499.9	1	35.536	1	10.833	1
					1199.9	1	35.215	1	6.369	1
					800	1	35.593	1	9.882	1
					360.2	1	35.564	1	11.241	1
					60.1	1	35.517	1	12.282	1
					1300.3	1	35.077	1	5.316	1
					49.8	1	35.516	1	12.282	1
